12 12  552 
566 8 5 8 58 25 85 2
 4 545 4 4 5
 "test"
 dg
 gfdg 
 787 6 256 56 12 12  552 
 566 8 5 8 58 25 85 2
  4 545 4 4 5
  "test‘"
  dg
  gfdg 
  787 6 256 56 12 12  552 
  566 8 5 8 58 25 85 2
   4 545 4 4 5
   "test‘
"
dg
gfdg 
787 6 256 56 12 12  552 
566 8 5 8 58 25 85 2
 4 545 4 4 5
 "test"
 dg
 gfdg 
 787 6 256 56 12 12  552 
 566 8 5 8 58 25 85 2
  4 545 4 4 5
  "test‘"
  dg
  gfdg 
  787 6 256 56 12 12  552 
  566 8 5 8 58 25 85 2
   4 545 4 4 5
   "test‘
"
dg
gfdg 
787 6 256 56 12 12  552 
566 8 5 8 58 25 85 2
 4 545 4 4 5
 "test"
 dg
 gfdg 
 787 6 256 56 12 12  552 
 566 8 5 8 58 25 85 2
  4 545 4 4 5
  "test‘"
  dg
  gfdg 
  787 6 256 56 12 12  552 
  566 8 5 8 58 25 85 2
   4 545 4 4 5
   "test‘
"
dg
gfdg 
787 6 256 56 12 12  552 
566 8 5 8 58 25 85 2
 4 545 4 4 5
 "test"
 dg
 gfdg 
 787 6 256 56 12 12  552 
 566 8 5 8 58 25 85 2
  4 545 4 4 5
  "test‘"
  dg
  gfdg 
  787 6 256 56 12 12  552 
  566 8 5 8 58 25 85 2
   4 545 4 4 5
   "test‘
"
dg
gfdg 
787 6 256 56 
